R: 1.000000	3.622285	3.414958	0.070228	
S: -33.332090	89.019818	-56.045869	-1.218393	
T: 7.579011	0.000000	0.000000	0.000000	
